obs_maxeig=3.10179
p_value=0.0609391
