obs_maxeig=3.16026
p_value=0.0739261
