001013
001045
001062
001078
001094
001117
001161
001173
001177
001209
001210
001327
001356
001380
001382
001414
001439
001440
001447
001449
001468
001487
001533
001598
001602
001632
001633
001634
001635
001661
001678
001681
001682
001690
001704
001712
001722
001773
001794
001823
001860
001878
001891
001913
001919
001949
001976
001988
002002
002005
002019
002044
002049
002052
002073
002111
002124
002136
002137
002176
002184
002220
002222
002269
002270
002282
002285
002290
002295
002340
002390
002393
002403
002408
002410
002411
002436
002444
002497
002504
002536
002547
002556
002574
002577
002581
002593
002615
002696
002697
002721
002735
002751
002771
002783
002787
002812
002817
002852
002884
002938
002940
002942
002968
002991
002999
003026
003028
003036
003062
003107
003121
003138
003144
003153
003157
003158
003169
003170
003198
003221
003226
003231
003243
003275
003278
003336
003358
003362
003382
003413
003429
003469
003532
003533
003562
003581
003594
003619
003622
003647
003650
003662
003708
003734
003735
003761
003801
003806
003813
003820
003835
003851
003897
003969
004001
004016
004029
004036
004040
004045
004066
004072
004091
004093
004115
004145
004194
004213
004245
004274
004279
004321
004322
004340
004341
004351
004352
004367
004383
004409
004423
004430
004439
004448
004460
004476
004497
004503
004510
004517
004560
004598
004600
004605
004606
004611
004640
004674
004685
004699
004707
004723
004737
004740
004809
004818
004839
004842
004843
004864
004900
004903
004926
004941
004988
004990
005018
005046
005047
005071
005072
005073
005109
005116
005125
005149
005165
005179
005180
005229
005234
005237
005242
005250
005252
005256
005284
005296
005342
005379
005439
005492
005496
005518
005523
005539
005543
005567
005572
005581
005594
005597
005600
005606
005608
005621
005650
005667
005680
005691
005709
005723
005742
005763
005791
005831
005849
005860
005862
005888
005903
005918
005959
005968
005987
006003
006008
006013
006066
006081
006100
006109
006110
006115
006130
006135
006136
006194
006196
006213
006216
006239
006242
006266
006268
006304
006307
006310
006311
006315
006326
006338
006375
006386
006397
006416
006433
006435
006461
006497
006502
006506
006509
006512
006529
006532
006534
006543
006547
006565
006573
006653
006661
006669
006682
006730
006733
006768
006774
006781
006788
006791
006821
006829
006845
006848
006865
006900
006946
006972
007017
007034
007063
007085
007092
007107
007116
007124
007146
007152
007154
007163
007171
007186
007192
007205
007228
007241
007257
007260
007291
007300
007309
007316
007343
007346
007366
007368
007422
007435
007437
007447
007469
007471
007486
007506
007509
007525
007526
007549
007585
007620
007637
007647
007648
007658
007682
007694
007696
007733
007741
007750
007759
007762
007772
007875
007881
007906
007912
007922
007923
007938
007951
007970
007974
007977
007980
007985
007991
007994
008007
008020
008030
008065
008068
008092
008099
008101
008105
008148
008151
008169
008176
008210
008213
008214
008215
008219
008229
008245
008247
008253
008264
008272
008304
008326
008333
008334
008348
008350
008357
008358
008363
008387
008402
008440
008455
008457
008463
008479
008512
008530
008539
008542
008543
008544
008546
008549
008551
008579
008582
008599
008606
008633
008661
008694
008717
008762
008823
008826
008832
008838
008850
008864
008867
008892
008901
008902
008958
008972
009016
009023
009063
009125
009155
009215
009248
009256
009258
009273
009284
009289
009299
009302
009325
009359
009372
009465
009472
009521
009551
009590
009599
009664
009667
009693
009698
009699
009728
009799
009815
009818
009835
009850
009860
009867
009882
009890
009899
009904
009916
009919
009937
009954
009999
010000
010002
010016
010035
010086
010096
010115
010156
010187
010190
010195
010213
010215
010221
010244
010247
010277
010286
010305
010345
010364
010382
010385
010386
010405
010420
010443
010453
010466
010484
010499
010504
010519
010530
010549
010564
010565
010609
010629
010631
010671
010678
010735
010757
010787
010793
010813
010816
010832
010839
010846
010860
010877
010902
010903
010920
010930
010938
010981
010983
010984
010991
011017
011027
011060
011065
011115
011124
011169
011191
011213
011220
011228
011234
011259
011264
011300
011301
011302
011340
011343
011399
011440
011446
011456
011465
011499
011506
011511
011580
011584
011636
011644
011649
011669
011670
011672
011721
011738
011745
011756
011796
011856
011910
011923
011925
011929
011930
011944
012053
012081
012096
012123
012124
012138
012140
012141
012142
012151
012171
012181
012206
012212
012215
012216
012233
012234
012250
012252
012256
012257
012294
012338
012378
012379
012384
012389
012392
012407
012421
012432
012433
012441
012458
012482
012485
012522
012540
012544
012578
012589
012597
012598
012615
012625
012669
012689
012691
012708
012713
012719
012756
012761
012788
012796
012803
012833
012868
012892
012915
012926
012945
013011
013124
013125
013163
013189
013200
013235
013251
013312
013323
013328
013362
013375
013381
013409
013431
013432
013440
013498
013540
013562
013579
013599
013630
013634
013646
013657
013683
013700
013765
013782
013786
013800
013824
013835
013839
013888
013971
013988
014043
014102
014140
014150
014155
014182
014252
014256
014275
014282
014304
014309
014311
014316
014324
014353
014359
014390
014401
014412
014417
014477
014489
014538
014583
014590
014597
014603
014605
014623
014650
014729
014752
014790
014793
014794
014824
014895
014908
014924
014934
014938
014960
015027
015037
015056
015060
015070
015087
015093
015101
015106
015111
015129
015142
015148
015172
015212
015247
015252
015253
015267
015274
015314
015319
015327
015396
015414
015420
015444
015459
015489
015509
015520
015521
015539
015545
015576
015580
015582
015617
015633
015634
015704
015706
015708
015803
015855
016009
016026
016051
016101
016116
016125
016188
016225
016269
016401
016416
016453
016476
016477
016478
016486
016582
016597
016653
016700
016720
016721
016738
016745
016775
016878
016947
017101
017200
017228
017239
017266
017277
017287
017350
017376
017396
017408
017454
017494
017505
017550
017553
017556
017567
017626
017628
017651
017653
017699
017808
017812
017874
017878
017910
017928
017931
017934
017941
017956
017997
017998
018003
018005
018009
018036
018043
018050
018071
018086
018103
018104
018109
018115
018145
018159
018161
018172
018179
018204
018235
018240
018261
018271
018276
018289
018293
018306
018312
018315
018320
018321
018339
018383
018386
018424
018430
018443
018465
018468
018469
018494
018498
018509
018510
018561
018562
018564
018571
018578
018623
018624
018626
018629
018630
018636
018658
018660
018675
018677
018679
018695
018699
018745
018748
018749
018841
018850
018868
018872
018878
018879
018888
018892
018899
018926
018938
018947
018952
018975
018983
019025
019071
019104
019129
019143
019149
019151
019171
019172
019175
019184
019209
019349
019377
019391
019394
019402
019412
019433
019458
019470
019471
019507
019511
019516
019518
019526
019534
019581
019582
019600
019602
019649
019661
019744
019784
019800
019807
019845
019849
019851
019855
019858
019859
019877
019908
019910
019911
019912
019965
019966
019967
019988
019998
020010
020011
020020
020033
020040
020059
020067
020088
020090
020115
020126
020128
020129
020136
020147
020168
020179
020185
020196
020202
020204
020217
020228
020232
020233
020245
020259
020280
020298
020344
020412
020420
020423
020477
020496
020502
020513
020534
020537
020548
020554
020567
020643
020644
020645
020653
020659
020672
020692
020699
020747
020748
020756
020779
020798
020904
020943
020949
020959
020961
021002
021003
021004
021010
021012
021015
021016
021020
021040
021047
021118
021132
021138
021145
021150
021165
021186
021232
021237
021261
021352
021427
021431
021487
021496
021503
021515
021522
021524
021540
021595
021604
021626
021627
021630
021635
021652
021732
021744
021761
021776
021798
021808
021816
021834
021841
021845
021847
021867
021898
021901
022025
022037
022039
022053
022059
022124
022134
022165
022168
022178
022180
022205
022207
022229
022230
022260
022284
022318
022325
022362
022405
022439
022459
022583
022590
022604
022632
022653
022674
022697
022709
022731
022734
022797
022829
022861
022962
023002
023062
023077
023084
023092
023093
023109
023119
023147
023167
023195
023220
023224
023225
023226
023243
023249
023287
023291
023335
023339
023358
023363
023407
023423
023433
023464
023494
023537
023555
023556
023574
023577
023587
023698
023704
023714
023753
023767
023793
023809
023810
023812
023813
023818
023856
023864
023898
023943
023945
023978
023996
024021
024032
024040
024076
024084
024096
024099
024113
024131
024171
024176
024177
024204
024293
024302
024316
024318
024330
024344
024396
024405
024415
024426
024428
024436
024468
024481
024483
024506
024533
024554
024601
024610
024616
024625
024638
024678
024708
024710
024724
024731
024755
024782
024795
024800
024803
024810
024825
024843
024856
024861
024878
024888
024890
024893
024905
024912
024922
024937
024975
024990
024996
025021
025047
025056
025069
025095
025108
025110
025119
025157
025160
025166
025167
025180
025186
025234
025274
025279
025283
025320
025340
025349
025356
025357
025367
025396
025399
025424
025430
025434
025472
025495
025509
025527
025529
025536
025538
025539
025570
025600
025623
025633
025645
025648
025665
025676
025683
025726
025745
025747
025774
025776
025783
025848
025874
025893
025895
025904
025921
025923
025924
025929
025937
025950
025964
025978
025999
026011
026013
026021
026045
026061
026069
026094
026112
026123
026144
026146
026147
026156
026162
026187
026246
026269
026273
026297
026304
026336
026340
026341
026351
026359
026367
026376
026385
026410
026494
026514
026543
026545
026658
026676
026677
026709
026722
026746
026768
026798
026839
026863
026864
026874
026892
027119
027148
027155
027198
027199
027201
027240
027318
027333
027335
027354
027372
027373
027386
027387
027392
027393
027463
027476
027574
027576
027635
027653
027670
027677
027760
027780
027786
027794
027800
027802
027816
027828
027841
027845
027875
027905
027907
027914
027925
027928
027965
027980
027981
028004
028027
028071
028087
028091
028113
028119
028139
028169
028180
028192
028194
028195
028262
028266
028272
028295
028303
028320
028323
028338
028340
028349
028365
028378
028383
028386
028388
028408
028421
028456
028470
028485
028515
028518
028520
028535
028543
028564
028641
028648
028670
028717
028724
028742
028762
028769
028775
028787
028790
028806
028838
028853
028877
028916
028919
028924
028930
028938
028940
028998
029001
029004
029011
029013
029015
029028
029032
029052
029082
029086
029099
029127
029133
029150
029151
029155
029156
029191
029207
029241
029274
029278
029312
029375
029382
029386
029392
029433
029435
029449
029453
029517
029524
029537
029576
029609
029621
029627
029634
029670
029684
029698
029709
029710
029722
029736
029751
029755
029760
029762
029791
029819
029830
029837
029850
029868
029887
029894
029910
029930
029955
029962
029968
029984
030007
030059
030067
030091
030098
030137
030145
030169
030170
030185
030220
030232
030234
030255
030259
030260
030277
030284
030298
030311
030354
030397
030398
030428
030443
030463
030495
030501
030547
030571
030576
030614
030622
030637
030649
030655
030674
030710
030714
030736
030822
030838
030861
030877
030923
030990
030999
031059
031061
031091
031094
031112
031142
031170
031203
031227
031252
031255
031292
031343
031384
031405
031418
031453
031477
031494
031507
031519
031560
031567
031587
031616
031626
031656
031673
031743
031748
031802
031823
031825
031843
031845
031846
031848
031881
031914
032106
032154
032219
032245
032247
032267
032273
032280
032285
032303
032315
032334
032345
032352
032365
032372
032382
032383
032396
032413
032451
032469
032524
032525
032528
032574
032580
032638
032671
032674
032677
032715
032748
032749
032751
032767
032775
032804
032819
032843
032846
032851
032855
032886
032894
032897
032938
033064
033067
033068
033133
033152
033175
033240
033243
033274
033275
033279
033301
033326
033420
033433
033445
033476
033487
033499
033531
033532
033542
033595
033596
033598
033601
033635
033643
033647
033668
033684
033698
033700
033708
033725
033743
033749
033751
033759
033766
033767
033780
033809
033816
033850
033913
033955
033962
033997
034010
034015
034016
034034
034051
034053
034065
034067
034074
034077
034082
034102
034135
034160
034266
034296
034300
034361
034410
034412
034414
034420
034443
034447
034459
034467
034562
034584
034587
034593
034601
034616
034746
034753
034765
034883
034916
034919
034941
034970
035004
035014
035030
035035
035053
035055
035056
035077
035090
035099
035137
035154
035160
035168
035182
035245
035254
035255
035264
035270
035280
035287
035290
035306
035345
035376
035441
035451
035497
035530
035600
035614
035627
035638
035639
035647
035649
035653
035684
035708
035714
035727
035729
035747
035780
035793
035794
035836
035852
035858
035874
035909
035959
035978
036025
036028
036037
036083
036234
036263
036264
036301
036328
036333
036404
036444
036462
036464
036473
036475
036477
036500
036525
036556
036557
036565
036570
036599
036600
036619
036635
036677
036691
036700
036717
036726
036728
036767
036777
036788
036819
036828
036853
036898
036950
036967
036985
036987
036989
037013
037032
037035
037081
037090
037110
037134
037135
037153
037168
037180
037233
037282
037292
037325
037354
037413
037420
037460
037473
037480
037488
037490
037495
037502
037510
037527
037541
037559
037588
037593
037610
037617
037672
037673
037694
037752
037773
037775
037786
037793
037810
037811
037812
037839
037856
037862
037871
037925
038022
038038
038073
038081
038107
038125
038132
038222
038223
038237
038333
038342
038389
038465
038469
038474
038491
038513
038616
038617
038621
038635
038647
038676
038745
038762
038770
038782
038805
038821
038832
038835
038870
038883
038908
038915
038920
038923
038936
038978
038986
038995
039041
039054
039056
039057
039061
039103
039121
039122
039124
039170
039190
039197
039246
039259
039276
039280
039291
039301
039309
039310
039316
039319
039359
039371
039402
039418
039448
039464
039481
039503
039508
039528
039542
039544
039556
039563
039596
039627
039633
039636
039663
039680
039683
039726
039734
039756
039782
039805
039806
039811
039815
039818
039820
039822
039823
039863
039869
039872
039877
039907
039941
039954
039961
039962
040224
040236
040248
040285
040305
040306
040383
040417
040460
040492
040605
040610
040645
041050
041426
041502
041507
041545
041615
041640
041687
041797
041818
041835
041878
041953
041995
041996
042033
042332
042895
042984
042987
043057
043113
043137
043236
043285
043363
043385
043439
043507
043521
043524
043792
043843
045081
045169
045232
045265
045319
045351
045388
045445
045461
045542
045686
045711
045775
045785
045802
050297
050389
050517
050619
050682
050688
050721
050763
051058
051139
051497
051654
051747
060707
060800
060801
060839
060846
060900
060923
060979
061028
061030
061034
061061
061077
061163
061179
061188
061214
061236
061285
061321
061325
061350
061399
061407
061408
061409
061420
061439
061448
061483
061487
061490
061494
061513
061552
061562
061567
061572
061584
061587
061591
061596
061600
061616
061646
061655
061676
061685
061703
061711
061712
061725
061739
061745
061759
061880
061903
061971
062055
062088
062168
062169
062217
062221
062263
062266
062268
062374
062382
062388
062399
062475
062549
062592
062597
062626
062655
062686
062723
062745
062823
062826
062921
062967
062977
062984
063000
063005
063018
063030
063099
063128
063138
063186
063291
063405
063447
063490
063495
063501
063520
063531
063562
063605
063639
063640
063643
063645
063650
063671
063700
063789
063790
063847
063866
063876
063914
063919
063927
063938
063986
064004
064021
064055
064061
064063
064088
064102
064163
064165
064166
064194
064275
064302
064306
064327
064334
064346
064355
064356
064410
064480
064515
064549
064552
064568
064620
064630
064637
064690
064708
064766
064767
064768
064794
064821
064848
064853
064857
064891
064896
064901
064915
064925
064942
065006
065009
065011
065026
065036
065084
065105
065108
065220
065248
065270
065286
065290
065343
065378
065380
065399
065413
065417
065421
065430
065461
065527
065554
065590
065609
065640
065662
065671
065675
065676
065697
065710
065717
065718
065739
065765
065771
065831
065904
065905
065944
065967
065986
065991
066032
066060
066061
066228
066354
066366
066393
066446
066515
066588
066602
066683
066686
066697
066708
066731
066871
074628
100075
100243
100245
100338
100363
100418
100572
100644
100699
100718
101204
101276
101310
101317
101352
102422
102696
103487
105346
105365
105936
106100
106418
106574
106687
107446
107755
108345
108645
108693
108831
110039
110179
110382
110685
110728
110802
111103
111873
111880
112034
112095
112158
112754
112759
112774
112876
112968
113139
113362
113419
113490
113530
114203
114209
114484
114524
114628
115044
115831
116029
116166
116772
117115
117116
117142
117768
117829
117861
117903
118081
118122
118795
118941
119173
119275
119314
119316
119493
119574
119617
120093
120334
120359
120458
120774
120794
120816
120820
120877
121077
121142
121153
121257
121382
121440
121713
121718
121759
121815
122197
122211
122257
122266
122536
122678
122841
122902
122915
122916
123016
124036
124046
124049
124394
124434
124617
125274
125360
125595
125601
125604
126020
126056
126136
126296
126318
126417
126423
126434
127094
127234
128978
129466
129469
130762
132518
132758
133104
133288
133289
133304
133346
133367
133432
133468
133504
133547
133724
133726
133766
133767
133768
133825
133868
133871
133885
133944
133945
134044
134384
134932
135044
135788
135844
135965
135990
136648
136725
136804
136884
137024
137066
137310
137435
137573
137602
137609
137641
137642
137943
138122
138126
138205
138466
138467
138501
138601
138608
138613
138662
138707
138743
138781
138921
139225
139665
139804
140023
140030
140033
140042
140044
140045
140073
140541
140672
140759
140760
140902
140905
141197
141277
141278
141359
141363
141389
141400
141459
141460
141496
141720
141846
141913
141982
142248
142260
142337
142339
142460
142540
142568
142811
142812
142814
142933
143217
143357
143403
143689
143710
143909
143974
144009
144058
144066
144115
144435
144437
144496
144520
144559
144647
144809
145046
145049
145350
145552
145729
145977
145979
146017
146137
146140
146156
146212
146500
147208
147303
147305
147398
147453
147579
147638
147639
147708
147868
148219
148221
148313
148328
148350
148390
148396
148410
148470
148950
149268
149318
149337
149477
149620
149683
149721
149738
149998
150139
150258
150277
150278
150477
150562
150681
150699
150837
150937
151161
151403
151576
151630
151632
152149
152809
152909
153668
154039
154357
154434
154605
154739
155133
155280
155393
155458
155616
155969
155970
156153
156155
156614
156617
156857
156861
157057
157074
157218
157373
157415
157493
157635
157679
157755
157855
157862
157954
158563
158743
158791
159194
160173
160183
160207
160213
160214
160216
160225
160232
160255
160256
160272
160288
160329
160340
160341
160367
160375
160378
160474
160479
160570
160578
160580
160598
160600
160621
160629
160631
160661
160668
160739
160770
160776
160779
160797
160798
160809
160838
160902
160912
160913
160990
160991
161000
161013
161036
161056
161067
161069
161813
161977
162160
162264
162272
162283
162329
162335
162338
162346
162354
162387
162448
162449
162501
162559
162584
162701
162720
162732
162733
162742
162809
162870
162876
162887
162894
162907
163024
163036
163051
163113
163118
163124
163594
163595
163596
163627
163765
163772
163806
163877
163879
163884
163887
163893
163916
163921
163927
163930
163933
163935
163939
163946
163963
163977
163983
164046
164075
164109
164132
164211
164266
164283
164296
164364
164408
164411
164416
164432
164494
164506
164511
164532
164534
164557
164571
164572
164607
164612
164652
164660
164680
164746
164755
165051
165052
165123
165164
165179
165209
165215
165264
165358
165466
165534
165556
165649
165652
165675
165678
165680
165702
165734
165742
165746
165785
165913
165914
165927
166005
166061
166087
166213
166230
166303
166363
166368
166385
166435
166443
166458
166482
166562
166563
166593
166706
170360
170374
170375
170384
170396
170527
170555
170615
170616
170617
170627
170639
170714
170748
170750
170773
170781
170841
170875
170945
170969
170975
171007
171067
171137
171139
171141
171212
174077
174121
174134
174136
174160
174169
174282
174310
174312
174317
174360
174389
174390
174393
174490
174507
174531
174648
174656
174700
174729
174876
174926
175004
175006
175064
175087
175110
175111
175157
175163
175264
175269
175271
175307
175308
175319
175404
175483
175510
175523
175533
175606
175654
175689
175739
175900
175955
175983
176017
176035
176070
176083
176092
176118
176152
176234
176237
176238
176259
176261
176268
176282
176289
176291
176305
176363
176404
176554
176556
176558
176567
176592
176594
176637
176659
176661
176733
176760
176781
176782
176840
176863
176874
176899
176954
176999
177009
177099
177108
177124
177222
177225
177227
177228
177257
177264
177287
177303
177315
177367
177465
177486
177487
177629
177637
177650
177697
177739
177744
177780
177872
177881
177884
177895
177924
177925
177943
177945
177953
177966
177975
177982
178015
178081
178083
178084
178106
178153
178201
178266
178310
178319
178494
178507
178518
178519
178529
178538
178539
178540
178610
178644
178672
178684
178698
178704
178752
178767
178798
178803
178851
178862
178863
178865
178877
178921
178943
178976
179027
179058
179077
179082
179084
179087
179177
179184
179202
179417
179428
179438
179534
179583
179598
179648
179657
179686
179700
179731
179739
179782
179817
179831
179834
179841
179843
179925
179957
180145
180363
180405
180423
180562
180597
180711
180822
180866
181290
181617
181745
181794
181904
181931
181989
182012
182308
182701
182826
182986
183144
183257
183283
183312
183322
183366
183377
183524
183565
183593
183602
183603
183640
183666
183684
183739
183791
183833
183903
183920
183942
184006
184009
184046
184057
184101
184133
184155
184157
184182
184222
184237
184241
184254
184256
184263
184323
184378
184392
184442
184449
184487
184526
184551
184569
184592
184603
184672
184676
184702
184725
184748
184785
184868
184880
184899
184994
184996
185003
185018
185112
185119
185121
185138
185164
185165
185166
185177
185180
185181
185195
185276
185277
185289
185291
185326
185334
185339
185344
185345
185355
185372
185375
185396
185453
185517
185532
185549
185554
185618
185645
185654
185658
185661
185664
185689
185703
185769
185770
185836
185881
185943
185950
186019
186041
186045
186061
186106
186129
186152
186159
186206
186276
186278
186288
186310
186336
186342
186353
186451
186497
186501
186520
186590
186607
186671
186675
186683
186748
186773
186783
186836
186846
186876
186904
186953
186962
186989
186995
187040
187084
187122
187128
187165
187167
187215
187253
187363
187406
187450
187529
187550
187576
187607
187625
187631
187690
187697
187698
187711
187714
187722
187740
187766
187774
187810
187812
187958
187961
188255
188357
188663
188856
189459
189490
189567
189757
190455
190590
190959
194255
194256
194755
194956
196159
196268
196269
196355
197956
198058
199356
199456
200480
200512
201336
201395
203480
204867
207257
208068
209341
209382
209410
210418
211819
212340
212782
212950
213288
213412
216019
220211
220474
220487
220546
220940
221821
222111
222519
223098
223732
223911
224604
231016
232135
232623
233491
237269
238616
241216
241335
242977
243174
245207
247371
249158
252940
253527
254096
254338
254381
254399
259503
260737
260774
260775
260778
264265
264395
264397
264414
264416
264509
266214
266315
266316
266319
270151
270281
270705
271342
271357
271607
272872
273726
275264
276731
277323
277812
277918
278151
278153
281420
282189
282608
283184
284041
284745
285085
285556
286396
287111
287462
287882
291881
294524
295786
295917
296753
296944
297209
297507
311524
312066
313311
315629
315639
316056
318005
318525
319917
321764
323308
323476
324684
325211
325867
325942
328795
328920
332179
340388
345556
345764
348784
353444
